3.920002126304253487e+00 4.312721545165249637e+01
4.171053461937566986e+00 4.322890392313317420e+01
4.083092412442334229e+00 4.326205318810475831e+01
4.066142470143877752e+00 4.320038074444868670e+01
3.919022394529788400e+00 4.335843213369457061e+01
3.855814244452602679e+00 4.329520171972887965e+01
4.029232455446113192e+00 4.325706552077514999e+01
3.976823805185016436e+00 4.325404050913459741e+01
3.921432323588232904e+00 4.314688323112453361e+01
4.046838437267830102e+00 4.342889851062841444e+01
